dief@t until the time unit when the slowest approach finalizes its execution
NOTE! - Now it is among all the possible included variations! (not only among the ones with the same # filters or # cores)
           test   approach  tfft  totaltime  mrt  checks  alerts  cores  \
0    60-0.02-1c      1c-0f   330     441.92   13   78744    1792      1   
1    60-0.02-1c      1c-1f    93     408.02   24   78744    1792      1   
2    60-0.02-1c      1c-2f    49     223.92   13   78744    1792      1   
3    60-0.02-1c      1c-5f   125      74.06    7   78744    1792      1   
4    60-0.02-1c     1c-10f    52      55.32    7   78744    1792      1   
5    60-0.02-1c     1c-20f    65      43.27   14   78744    1792      1   
6    60-0.02-1c     1c-40f    65      39.02   18   78744    1792      1   
7    60-0.02-1c    1c-100f    87      38.38   18   78744    1792      1   
8    60-0.02-1c    1c-200f   116      39.18   18   78744    1792      1   
9    60-0.02-1c    1c-500f   170      42.40   20   78744    1792      1   
10   60-0.02-1c   1c-1000f   171      46.24   22   78744    1792      1   
11   60-0.02-1c   1c-2000f   193      54.76   27   78744    1792      1   
12   60-0.02-2c      2c-0f   330     441.92   13   78744    1792      2   
13   60-0.02-2c      2c-1f    25     399.19   24   78744    1792      2   
14   60-0.02-2c      2c-2f    22     217.45   13   78744    1792      2   
15   60-0.02-2c      2c-5f    24      73.05    7   78744    1792      2   
16   60-0.02-2c     2c-10f    20      49.26    8   78744    1792      2   
17   60-0.02-2c     2c-20f    26      40.08   14   78744    1792      2   
18   60-0.02-2c     2c-40f    42      37.12   17   78744    1792      2   
19   60-0.02-2c    2c-100f    43      36.09   17   78744    1792      2   
20   60-0.02-2c    2c-200f    29      36.93   17   78744    1792      2   
21   60-0.02-2c    2c-500f    24      37.37   18   78744    1792      2   
22   60-0.02-2c   2c-1000f    34      40.27   19   78744    1792      2   
23   60-0.02-2c   2c-2000f    44      44.14   21   78744    1792      2   
24   60-0.02-4c      4c-0f   330     441.92   13   78744    1792      4   
25   60-0.02-4c      4c-1f    10     435.14   26   78744    1792      4   
26   60-0.02-4c      4c-2f    10     242.13   14   78744    1792      4   
27   60-0.02-4c      4c-5f    10      78.09    7   78744    1792      4   
28   60-0.02-4c     4c-10f    10      48.99    8   78744    1792      4   
29   60-0.02-4c     4c-20f    12      40.02   14   78744    1792      4   
30   60-0.02-4c     4c-40f    13      36.17   16   78744    1792      4   
31   60-0.02-4c    4c-100f    16      34.72   16   78744    1792      4   
32   60-0.02-4c    4c-200f    13      34.40   16   78744    1792      4   
33   60-0.02-4c    4c-500f    16      35.44   16   78744    1792      4   
34   60-0.02-4c   4c-1000f    16      36.46   17   78744    1792      4   
35   60-0.02-4c   4c-2000f    17      38.48   19   78744    1792      4   
36   60-0.02-8c      8c-0f   330     441.92   13   78744    1792      8   
37   60-0.02-8c      8c-1f    13     424.21   25   78744    1792      8   
38   60-0.02-8c      8c-2f     9     238.19   14   78744    1792      8   
39   60-0.02-8c      8c-5f    10      79.67    7   78744    1792      8   
40   60-0.02-8c     8c-10f    10      49.70    8   78744    1792      8   
41   60-0.02-8c     8c-20f    13      39.72   14   78744    1792      8   
42   60-0.02-8c     8c-40f    11      36.08   16   78744    1792      8   
43   60-0.02-8c    8c-100f    13      35.21   16   78744    1792      8   
44   60-0.02-8c    8c-200f    13      34.26   16   78744    1792      8   
45   60-0.02-8c    8c-500f    12      34.30   16   78744    1792      8   
46   60-0.02-8c   8c-1000f    12      35.00   16   78744    1792      8   
47   60-0.02-8c   8c-2000f    15      35.70   17   78744    1792      8   
48  60-0.02-16c     16c-0f   330     441.92   13   78744    1792     16   
49  60-0.02-16c     16c-1f    39     421.38   25   78744    1792     16   
50  60-0.02-16c     16c-2f    10     228.79   13   78744    1792     16   
51  60-0.02-16c     16c-5f    10      75.86    7   78744    1792     16   
52  60-0.02-16c    16c-10f    10      48.85    8   78744    1792     16   
53  60-0.02-16c    16c-20f    11      39.92   14   78744    1792     16   
54  60-0.02-16c    16c-40f    11      35.77   16   78744    1792     16   
55  60-0.02-16c   16c-100f    13      34.88   16   78744    1792     16   
56  60-0.02-16c   16c-200f    12      34.70   16   78744    1792     16   
57  60-0.02-16c   16c-500f    13      34.62   16   78744    1792     16   
58  60-0.02-16c  16c-1000f    15      34.10   16   78744    1792     16   
59  60-0.02-16c  16c-2000f    15      34.61   16   78744    1792     16   

    filters   throughput  interactions/s         dieft  
0         0   178.186097      365.423606  1.731887e+07  
1         1   192.990540      395.784520  1.873399e+07  
2         2   351.661308      721.186138  2.628469e+07  
3         5  1063.246017     2180.502295  3.220718e+07  
4        10  1423.427332     2919.161244  3.295055e+07  
5        20  1819.828981     3732.100763  3.318126e+07  
6        40  2018.042030     4138.595592  3.324315e+07  
7       100  2051.693590     4207.608129  3.321663e+07  
8       200  2009.800919     4121.694742  3.314779e+07  
9       500  1857.169811     3808.679245  3.289218e+07  
10     1000  1702.941176     3492.387543  3.256925e+07  
11     2000  1437.983930     2949.013879  3.187565e+07  
12        0   178.186097      365.423606  1.731887e+07  
13        1   197.259450      404.539192  1.907645e+07  
14        2   362.124626      742.644286  2.654528e+07  
15        5  1077.946612     2210.650240  3.224581e+07  
16       10  1598.538368     3278.278522  3.303914e+07  
17       20  1964.670659     4029.141717  3.329011e+07  
18       40  2121.336207     4350.431034  3.336807e+07  
19      100  2181.878637     4474.591300  3.337954e+07  
20      200  2132.250203     4372.813431  3.330534e+07  
21      500  2107.144769     4321.327268  3.322603e+07  
22     1000  1955.401043     4010.131612  3.301550e+07  
23     2000  1783.960127     3658.541006  3.269995e+07  
24        0   178.186097      365.423606  1.731887e+07  
25        1   180.962449      371.117342  1.767344e+07  
26        2   325.213728      666.947508  2.556374e+07  
27        5  1008.374952     2067.972852  3.209504e+07  
28       10  1607.348438     3296.346193  3.307133e+07  
29       20  1967.616192     4035.182409  3.331867e+07  
30       40  2177.052806     4464.694498  3.341883e+07  
31      100  2267.972350     4651.152074  3.345595e+07  
32      200  2289.069767     4694.418605  3.345230e+07  
33      500  2221.896163     4556.659142  3.337624e+07  
34     1000  2159.736698     4429.182666  3.328935e+07  
35     2000  2046.361746     4196.673597  3.312377e+07  
36        0   178.186097      365.423606  1.731887e+07  
37        1   185.625044      380.679380  1.804474e+07  
38        2   330.593224      677.979764  2.573192e+07  
39        5   988.377055     2026.961215  3.203911e+07  
40       10  1584.386318     3249.255533  3.306265e+07  
41       20  1982.477341     4065.659617  3.332207e+07  
42       40  2182.483370     4475.831486  3.341849e+07  
43      100  2236.410111     4586.424311  3.344495e+07  
44      200  2298.423818     4713.601868  3.345840e+07  
45      500  2295.743440     4708.104956  3.344971e+07  
46     1000  2249.828571     4613.942857  3.340687e+07  
47     2000  2205.714286     4523.473389  3.334474e+07  
48        0   178.186097      365.423606  1.731887e+07  
49        1   186.871707      383.236034  1.817358e+07  
50        2   344.175882      705.835045  2.610727e+07  
51        5  1038.017400     2128.763512  3.218407e+07  
52       10  1611.954964     3305.793245  3.306238e+07  
53       20  1972.545090     4045.290581  3.332499e+07  
54       40  2201.397819     4514.621191  3.342658e+07  
55      100  2257.568807     4629.816514  3.344979e+07  
56      200  2269.279539     4653.832853  3.344616e+07  
57      500  2274.523397     4664.586944  3.344425e+07  
58     1000  2309.208211     4735.718475  3.345817e+07  
59     2000  2275.180584     4665.934701  3.342266e+07  
____________________________________________________________________________

