dief@t until the time unit when the slowest approach finalizes its execution
NOTE! - Now it is among all the possible included variations! (not only among the ones with the same # filters or # cores)
           test   approach        tfft  totaltime  mrt  checks  alerts  cores  \
0    30-0.02-1c      1c-0f   28.467332     213.87   13   37959     462      1   
1    30-0.02-1c      1c-1f   96.122604     207.91   25   37959     462      1   
2    30-0.02-1c      1c-2f  111.247339     118.89   14   37959     462      1   
3    30-0.02-1c      1c-5f  140.270557      40.41    7   37959     462      1   
4    30-0.02-1c     1c-10f   41.618298      28.37    8   37959     462      1   
5    30-0.02-1c     1c-20f   51.968798      22.12    9   37959     462      1   
6    30-0.02-1c     1c-40f   56.401691      19.21    9   37959     462      1   
7    30-0.02-1c    1c-100f  100.135708      18.49    8   37959     462      1   
8    30-0.02-1c    1c-200f  114.596430      19.05    9   37959     462      1   
9    30-0.02-1c    1c-500f  156.962503      20.54    9   37959     462      1   
10   30-0.02-1c   1c-1000f  188.133858      22.83   11   37959     462      1   
11   30-0.02-1c   1c-2000f  188.073558      27.98   13   37959     462      1   
12   30-0.02-2c      2c-0f   28.467332     213.87   13   37959     462      2   
13   30-0.02-2c      2c-1f   27.297919     202.20   24   37959     462      2   
14   30-0.02-2c      2c-2f   23.925601     112.48   13   37959     462      2   
15   30-0.02-2c      2c-5f   19.920530      39.79    7   37959     462      2   
16   30-0.02-2c     2c-10f   19.604364      24.99    8   37959     462      2   
17   30-0.02-2c     2c-20f   29.256177      20.40    9   37959     462      2   
18   30-0.02-2c     2c-40f   35.833629      18.43    8   37959     462      2   
19   30-0.02-2c    2c-100f   17.923635      17.41    8   37959     462      2   
20   30-0.02-2c    2c-200f   29.223930      17.88    8   37959     462      2   
21   30-0.02-2c    2c-500f   39.920261      18.29    8   37959     462      2   
22   30-0.02-2c   2c-1000f   33.016850      19.50    9   37959     462      2   
23   30-0.02-2c   2c-2000f   45.179334      21.90   11   37959     462      2   
24   30-0.02-4c      4c-0f   28.467332     213.87   13   37959     462      4   
25   30-0.02-4c      4c-1f   12.274817     208.38   25   37959     462      4   
26   30-0.02-4c      4c-2f   10.573013     117.36   13   37959     462      4   
27   30-0.02-4c      4c-5f   11.389747      39.91    7   37959     462      4   
28   30-0.02-4c     4c-10f   12.616552      24.49    7   37959     462      4   
29   30-0.02-4c     4c-20f   13.330369      20.32    8   37959     462      4   
30   30-0.02-4c     4c-40f   13.732988      17.76    8   37959     462      4   
31   30-0.02-4c    4c-100f    9.027762      17.10    7   37959     462      4   
32   30-0.02-4c    4c-200f    8.997463      16.53    7   37959     462      4   
33   30-0.02-4c    4c-500f   12.928940      17.14    8   37959     462      4   
34   30-0.02-4c   4c-1000f   15.918715      17.60    8   37959     462      4   
35   30-0.02-4c   4c-2000f   20.382458      18.83    9   37959     462      4   
36   30-0.02-8c      8c-0f   28.467332     213.87   13   37959     462      8   
37   30-0.02-8c      8c-1f   12.022564     207.76   25   37959     462      8   
38   30-0.02-8c      8c-2f   11.590184     121.23   14   37959     462      8   
39   30-0.02-8c      8c-5f   11.179860      42.48    7   37959     462      8   
40   30-0.02-8c     8c-10f   11.285467      24.89    7   37959     462      8   
41   30-0.02-8c     8c-20f   10.763621      20.07    8   37959     462      8   
42   30-0.02-8c     8c-40f   11.526206      17.88    7   37959     462      8   
43   30-0.02-8c    8c-100f    7.557881      16.99    7   37959     462      8   
44   30-0.02-8c    8c-200f    9.666610      16.53    7   37959     462      8   
45   30-0.02-8c    8c-500f    9.315831      16.56    7   37959     462      8   
46   30-0.02-8c   8c-1000f   11.304283      16.75    7   37959     462      8   
47   30-0.02-8c   8c-2000f   14.681535      17.00    8   37959     462      8   
48  30-0.02-16c     16c-0f   28.467332     213.87   13   37959     462     16   
49  30-0.02-16c     16c-1f   13.647090     196.75   23   37959     462     16   
50  30-0.02-16c     16c-2f   10.338390     113.17   13   37959     462     16   
51  30-0.02-16c     16c-5f   10.279578      37.80    6   37959     462     16   
52  30-0.02-16c    16c-10f   10.897021      23.92    7   37959     462     16   
53  30-0.02-16c    16c-20f   10.627521      19.94    8   37959     462     16   
54  30-0.02-16c    16c-40f   11.988836      17.69    8   37959     462     16   
55  30-0.02-16c   16c-100f    6.392440      17.10    8   37959     462     16   
56  30-0.02-16c   16c-200f    6.922814      16.51    7   37959     462     16   
57  30-0.02-16c   16c-500f    8.600062      16.61    8   37959     462     16   
58  30-0.02-16c  16c-1000f   13.918054      16.29    7   37959     462     16   
59  30-0.02-16c  16c-2000f   13.877691      16.63    8   37959     462     16   

    filters   throughput  interactions/s        dieft  
0         0   177.486323      373.675597  3981676.240  
1         1   182.574191      384.387475  4159091.905  
2         2   319.278325      672.201194  5990598.780  
3         5   939.346696     1977.678792  7485083.835  
4        10  1337.997885     2816.989778  7678633.575  
5        20  1716.048825     3612.929476  7733354.855  
6        40  1976.002082     4160.229047  7755476.195  
7       100  2052.947539     4322.228231  7751650.025  
8       200  1992.598425     4195.170604  7727865.680  
9       500  1848.052580     3890.847128  7667375.900  
10     1000  1662.680683     3500.569426  7579107.970  
11     2000  1356.647605     2856.254467  7387506.885  
12        0   177.486323      373.675597  3981676.240  
13        1   187.729970      395.242334  4280602.035  
14        2   337.473329      710.508535  6112287.110  
15        5   953.983413     2008.494597  7496477.305  
16       10  1518.967587     3197.999200  7704144.125  
17       20  1860.735294     3917.549020  7762954.335  
18       40  2059.631036     4336.299512  7783345.535  
19      100  2180.298679     4590.350373  7787674.575  
20      200  2122.986577     4469.686801  7771367.295  
21      500  2075.396391     4369.491525  7744651.055  
22     1000  1946.615385     4098.358974  7698847.855  
23     2000  1733.287671     3649.223744  7606672.410  
24        0   177.486323      373.675597  3981676.240  
25        1   182.162396      383.520491  4153766.645  
26        2   323.440695      680.964554  6010432.545  
27        5   951.115009     2002.455525  7504228.290  
28       10  1549.979584     3263.291139  7715041.800  
29       20  1868.061024     3932.972441  7771058.585  
30       40  2137.331081     4499.887387  7800013.155  
31      100  2219.824561     4673.567251  7803483.745  
32      200  2296.370236     4834.724743  7806034.000  
33      500  2214.644107     4662.660443  7783141.285  
34     1000  2156.761364     4540.795455  7764481.420  
35     2000  2015.878917     4244.184811  7721784.815  
36        0   177.486323      373.675597  3981676.240  
37        1   182.706007      384.664998  4156725.165  
38        2   313.115565      659.226264  5949186.160  
39        5   893.573446     1881.308851  7462203.465  
40       10  1525.070309     3210.847730  7711948.480  
41       20  1891.330344     3981.963129  7775183.520  
42       40  2122.986577     4469.686801  7802110.065  
43      100  2234.196586     4703.825780  7804664.730  
44      200  2296.370236     4834.724743  7807869.010  
45      500  2292.210145     4825.966184  7803607.365  
46     1000  2266.208955     4771.223881  7797175.490  
47     2000  2232.882353     4701.058824  7784390.110  
48        0   177.486323      373.675597  3981676.240  
49        1   192.930114      406.190597  4378689.850  
50        2   335.415746      706.176549  6114624.230  
51        5  1004.206349     2114.232804  7534865.825  
52       10  1586.914716     3341.053512  7719884.325  
53       20  1903.660983     4007.923771  7778221.915  
54       40  2145.788581     4517.693612  7800945.050  
55      100  2219.824561     4673.567251  7802006.755  
56      200  2299.152029     4840.581466  7807488.370  
57      500  2285.310054     4811.438892  7802388.710  
58     1000  2330.202578     4905.954573  7809599.290  
59     2000  2282.561636     4805.652435  7802178.520  
____________________________________________________________________________

