dief@t until the time unit when the slowest approach finalizes its execution
NOTE! - Now it is among all the possible included variations! (not only among the ones with the same # filters or # cores)
            test   approach  tfft  totaltime    mrt  checks  alerts  cores  \
0    120-0.02-1c      1c-1f   113     863.72  26698  158750    3078      1   
1    120-0.02-1c      1c-2f   113     466.87  14360  158750    3078      1   
2    120-0.02-1c      1c-5f    95     163.92   6210  158750    3078      1   
3    120-0.02-1c     1c-10f   107     114.58   5463  158750    3078      1   
4    120-0.02-1c     1c-20f    74      86.41  11384  158750    3078      1   
5    120-0.02-1c     1c-40f    69      78.40  25705  158750    3078      1   
6    120-0.02-1c    1c-100f   101      77.22  37126  158750    3078      1   
7    120-0.02-1c    1c-200f   179      75.56  36457  158750    3078      1   
8    120-0.02-1c    1c-500f   251      79.32  38895  158750    3078      1   
9    120-0.02-1c   1c-1000f   210      85.21  42314  158750    3078      1   
10   120-0.02-1c   1c-2000f   236     100.24  51229  158750    3078      1   
11   120-0.02-2c      2c-1f    28     851.93  26342  158750    3078      2   
12   120-0.02-2c      2c-2f    20     463.72  14263  158750    3078      2   
13   120-0.02-2c      2c-5f    28     169.58   6358  158750    3078      2   
14   120-0.02-2c     2c-10f    23     104.40   6850  158750    3078      2   
15   120-0.02-2c     2c-20f    45      82.62  12628  158750    3078      2   
16   120-0.02-2c     2c-40f    36      76.04  24722  158750    3078      2   
17   120-0.02-2c    2c-100f    32      72.78  34861  158750    3078      2   
18   120-0.02-2c    2c-200f    65      72.75  35212  158750    3078      2   
19   120-0.02-2c    2c-500f    27      75.02  36576  158750    3078      2   
20   120-0.02-2c   2c-1000f    54      78.05  37944  158750    3078      2   
21   120-0.02-2c   2c-2000f    68      88.56  43158  158750    3078      2   
22   120-0.02-4c      4c-1f    13     846.76  26186  158750    3078      4   
23   120-0.02-4c      4c-2f    57     483.21  14868  158750    3078      4   
24   120-0.02-4c      4c-5f    12     170.41   6267  158750    3078      4   
25   120-0.02-4c     4c-10f    10     104.57   6579  158750    3078      4   
26   120-0.02-4c     4c-20f    12      82.05  12958  158750    3078      4   
27   120-0.02-4c     4c-40f    21      74.35  24240  158750    3078      4   
28   120-0.02-4c    4c-100f    16      70.93  33633  158750    3078      4   
29   120-0.02-4c    4c-200f    21      69.39  33074  158750    3078      4   
30   120-0.02-4c    4c-500f    11      73.05  35328  158750    3078      4   
31   120-0.02-4c   4c-1000f    15      73.71  35647  158750    3078      4   
32   120-0.02-4c   4c-2000f    18      77.30  38062  158750    3078      4   
33   120-0.02-8c      8c-1f    11     881.64  27263  158750    3078      8   
34   120-0.02-8c      8c-2f    11     486.03  14979  158750    3078      8   
35   120-0.02-8c      8c-5f    30     172.79   6330  158750    3078      8   
36   120-0.02-8c     8c-10f    11     105.03   6416  158750    3078      8   
37   120-0.02-8c     8c-20f    11      82.23  12819  158750    3078      8   
38   120-0.02-8c     8c-40f    12      73.43  23942  158750    3078      8   
39   120-0.02-8c    8c-100f    14      70.71  33590  158750    3078      8   
40   120-0.02-8c    8c-200f    13      69.76  33186  158750    3078      8   
41   120-0.02-8c    8c-500f    11      69.76  33345  158750    3078      8   
42   120-0.02-8c   8c-1000f    10      70.28  33574  158750    3078      8   
43   120-0.02-8c   8c-2000f    15      71.93  34684  158750    3078      8   
44  120-0.02-16c     16c-1f    30     772.38  23887  158750    3078     16   
45  120-0.02-16c     16c-2f    15     399.10  12260  158750    3078     16   
46  120-0.02-16c     16c-5f    12     146.21   5355  158750    3078     16   
47  120-0.02-16c    16c-10f    11      98.92   6156  158750    3078     16   
48  120-0.02-16c    16c-20f    13      80.69  12580  158750    3078     16   
49  120-0.02-16c    16c-40f    11      73.01  24040  158750    3078     16   
50  120-0.02-16c   16c-100f    13      69.47  33699  158750    3078     16   
51  120-0.02-16c   16c-200f    10      70.03  34142  158750    3078     16   
52  120-0.02-16c   16c-500f     7      69.85  34073  158750    3078     16   
53  120-0.02-16c  16c-1000f     7      68.98  33707  158750    3078     16   
54  120-0.02-16c  16c-2000f    11      68.98  33788  158750    3078     16   

    filters   throughput  interactions/s         dieft  
0         1   183.797990      372.227111  7.120877e+07  
1         2   340.030415      688.628526  1.034384e+08  
2         5   968.460224     1961.322596  1.281282e+08  
3        10  1385.494851     2805.899808  1.320055e+08  
4        20  1837.171624     3720.634186  1.335645e+08  
5        40  2024.872449     4100.765306  1.338610e+08  
6       100  2055.814556     4163.429163  1.336068e+08  
7       200  2100.979354     4254.896771  1.336712e+08  
8       500  2001.386788     4053.202219  1.330427e+08  
9      1000  1863.044244     3773.031334  1.319986e+08  
10     2000  1583.699122     3207.302474  1.297082e+08  
11        1   186.341601      377.378423  7.220871e+07  
12        2   342.340205      693.306306  1.037569e+08  
13        5   936.136337     1895.860361  1.277208e+08  
14       10  1520.593870     3079.501916  1.325523e+08  
15       20  1921.447591     3891.309610  1.338070e+08  
16       40  2087.716991     4228.037875  1.341439e+08  
17      100  2181.231107     4417.422369  1.341669e+08  
18      200  2182.130584     4419.243986  1.340308e+08  
19      500  2116.102373     4285.523860  1.335986e+08  
20     1000  2033.952594     4119.154388  1.331278e+08  
21     2000  1792.570009     3630.307136  1.315513e+08  
22        1   187.479333      379.682555  7.298733e+07  
23        2   328.532108      665.342191  1.021708e+08  
24        5   931.576785     1886.626372  1.277663e+08  
25       10  1518.121832     3074.495553  1.326199e+08  
26       20  1934.795856     3918.342474  1.338985e+08  
27       40  2135.171486     4324.142569  1.342851e+08  
28      100  2238.122092     4532.637812  1.344222e+08  
29      200  2287.793630     4633.232454  1.344933e+08  
30      500  2173.169062     4401.095140  1.340342e+08  
31     1000  2153.710487     4361.687695  1.338482e+08  
32     2000  2053.686934     4159.120310  1.332163e+08  
33        1   180.062157      364.661313  6.983834e+07  
34        2   326.625928      661.481802  1.019333e+08  
35        5   918.745298     1860.640083  1.275817e+08  
36       10  1511.472913     3061.030182  1.326459e+08  
37       20  1930.560623     3909.765292  1.338905e+08  
38       40  2161.922920     4378.319488  1.343660e+08  
39      100  2245.085561     4546.740206  1.344270e+08  
40      200  2275.659404     4608.658257  1.344893e+08  
41      500  2275.659404     4608.658257  1.344484e+08  
42     1000  2258.821855     4574.558907  1.343484e+08  
43     2000  2207.006812     4469.623245  1.340506e+08  
44        1   205.533546      416.245889  7.844728e+07  
45        2   397.769982      805.562516  1.088810e+08  
46        5  1085.767047     2198.892005  1.296049e+08  
47       10  1604.832188     3250.101092  1.328958e+08  
48       20  1967.406122     3984.384682  1.339415e+08  
49       40  2174.359677     4403.506369  1.343823e+08  
50      100  2285.159061     4627.896934  1.345150e+08  
51      200  2266.885620     4590.889619  1.344459e+08  
52      500  2272.727273     4602.720115  1.344525e+08  
53     1000  2301.391708     4660.771238  1.345054e+08  
54     2000  2301.391708     4660.771238  1.344697e+08  
____________________________________________________________________________

