dief@t until the time unit when the slowest approach finalizes its execution
NOTE! - Now it is among all the possible included variations! (not only among the ones with the same # filters or # cores)
           test   approach  tfft  totaltime    mrt  checks  alerts  cores  \
0    60-0.02-1c      1c-1f    93     408.02  24927   78744    1792      1   
1    60-0.02-1c      1c-2f    49     223.92  13511   78744    1792      1   
2    60-0.02-1c      1c-5f   125      74.06   7368   78744    1792      1   
3    60-0.02-1c     1c-10f    52      55.32   7284   78744    1792      1   
4    60-0.02-1c     1c-20f    65      43.27  14455   78744    1792      1   
5    60-0.02-1c     1c-40f    65      39.02  18714   78744    1792      1   
6    60-0.02-1c    1c-100f    87      38.38  18589   78744    1792      1   
7    60-0.02-1c    1c-200f   116      39.18  18899   78744    1792      1   
8    60-0.02-1c    1c-500f   170      42.40  20606   78744    1792      1   
9    60-0.02-1c   1c-1000f   171      46.24  22456   78744    1792      1   
10   60-0.02-1c   1c-2000f   193      54.76  27058   78744    1792      1   
11   60-0.02-2c      2c-1f    25     399.19  24391   78744    1792      2   
12   60-0.02-2c      2c-2f    22     217.45  13117   78744    1792      2   
13   60-0.02-2c      2c-5f    24      73.05   7221   78744    1792      2   
14   60-0.02-2c     2c-10f    20      49.26   8883   78744    1792      2   
15   60-0.02-2c     2c-20f    26      40.08  14265   78744    1792      2   
16   60-0.02-2c     2c-40f    42      37.12  17502   78744    1792      2   
17   60-0.02-2c    2c-100f    43      36.09  17165   78744    1792      2   
18   60-0.02-2c    2c-200f    29      36.93  17840   78744    1792      2   
19   60-0.02-2c    2c-500f    24      37.37  18099   78744    1792      2   
20   60-0.02-2c   2c-1000f    34      40.27  19744   78744    1792      2   
21   60-0.02-2c   2c-2000f    44      44.14  21967   78744    1792      2   
22   60-0.02-4c      4c-1f    10     435.14  26617   78744    1792      4   
23   60-0.02-4c      4c-2f    10     242.13  14648   78744    1792      4   
24   60-0.02-4c      4c-5f    10      78.09   7579   78744    1792      4   
25   60-0.02-4c     4c-10f    10      48.99   8605   78744    1792      4   
26   60-0.02-4c     4c-20f    12      40.02  14100   78744    1792      4   
27   60-0.02-4c     4c-40f    13      36.17  16903   78744    1792      4   
28   60-0.02-4c    4c-100f    16      34.72  16414   78744    1792      4   
29   60-0.02-4c    4c-200f    13      34.40  16389   78744    1792      4   
30   60-0.02-4c    4c-500f    16      35.44  16972   78744    1792      4   
31   60-0.02-4c   4c-1000f    16      36.46  17733   78744    1792      4   
32   60-0.02-4c   4c-2000f    17      38.48  19260   78744    1792      4   
33   60-0.02-8c      8c-1f    13     424.21  25921   78744    1792      8   
34   60-0.02-8c      8c-2f     9     238.19  14394   78744    1792      8   
35   60-0.02-8c      8c-5f    10      79.67   7755   78744    1792      8   
36   60-0.02-8c     8c-10f    10      49.70   8654   78744    1792      8   
37   60-0.02-8c     8c-20f    13      39.72  14087   78744    1792      8   
38   60-0.02-8c     8c-40f    11      36.08  16880   78744    1792      8   
39   60-0.02-8c    8c-100f    13      35.21  16536   78744    1792      8   
40   60-0.02-8c    8c-200f    13      34.26  16351   78744    1792      8   
41   60-0.02-8c    8c-500f    12      34.30  16392   78744    1792      8   
42   60-0.02-8c   8c-1000f    12      35.00  16709   78744    1792      8   
43   60-0.02-8c   8c-2000f    15      35.70  17289   78744    1792      8   
44  60-0.02-16c     16c-1f    39     421.38  25742   78744    1792     16   
45  60-0.02-16c     16c-2f    10     228.79  13819   78744    1792     16   
46  60-0.02-16c     16c-5f    10      75.86   7378   78744    1792     16   
47  60-0.02-16c    16c-10f    10      48.85   8588   78744    1792     16   
48  60-0.02-16c    16c-20f    11      39.92  14104   78744    1792     16   
49  60-0.02-16c    16c-40f    11      35.77  16772   78744    1792     16   
50  60-0.02-16c   16c-100f    13      34.88  16440   78744    1792     16   
51  60-0.02-16c   16c-200f    12      34.70  16457   78744    1792     16   
52  60-0.02-16c   16c-500f    13      34.62  16371   78744    1792     16   
53  60-0.02-16c  16c-1000f    15      34.10  16051   78744    1792     16   
54  60-0.02-16c  16c-2000f    15      34.61  16351   78744    1792     16   

    filters   throughput  interactions/s         dieft  
0         1   192.990540      395.784520  1.820011e+07  
1         2   351.661308      721.186138  2.575081e+07  
2         5  1063.246017     2180.502295  3.167330e+07  
3        10  1423.427332     2919.161244  3.241666e+07  
4        20  1819.828981     3732.100763  3.264738e+07  
5        40  2018.042030     4138.595592  3.270927e+07  
6       100  2051.693590     4207.608129  3.268274e+07  
7       200  2009.800919     4121.694742  3.261391e+07  
8       500  1857.169811     3808.679245  3.235830e+07  
9      1000  1702.941176     3492.387543  3.203536e+07  
10     2000  1437.983930     2949.013879  3.134177e+07  
11        1   197.259450      404.539192  1.854257e+07  
12        2   362.124626      742.644286  2.601140e+07  
13        5  1077.946612     2210.650240  3.171193e+07  
14       10  1598.538368     3278.278522  3.250526e+07  
15       20  1964.670659     4029.141717  3.275623e+07  
16       40  2121.336207     4350.431034  3.283418e+07  
17      100  2181.878637     4474.591300  3.284565e+07  
18      200  2132.250203     4372.813431  3.277145e+07  
19      500  2107.144769     4321.327268  3.269215e+07  
20     1000  1955.401043     4010.131612  3.248161e+07  
21     2000  1783.960127     3658.541006  3.216607e+07  
22        1   180.962449      371.117342  1.713955e+07  
23        2   325.213728      666.947508  2.502985e+07  
24        5  1008.374952     2067.972852  3.156116e+07  
25       10  1607.348438     3296.346193  3.253744e+07  
26       20  1967.616192     4035.182409  3.278478e+07  
27       40  2177.052806     4464.694498  3.288495e+07  
28      100  2267.972350     4651.152074  3.292206e+07  
29      200  2289.069767     4694.418605  3.291842e+07  
30      500  2221.896163     4556.659142  3.284235e+07  
31     1000  2159.736698     4429.182666  3.275547e+07  
32     2000  2046.361746     4196.673597  3.258988e+07  
33        1   185.625044      380.679380  1.751085e+07  
34        2   330.593224      677.979764  2.519804e+07  
35        5   988.377055     2026.961215  3.150523e+07  
36       10  1584.386318     3249.255533  3.252877e+07  
37       20  1982.477341     4065.659617  3.278818e+07  
38       40  2182.483370     4475.831486  3.288461e+07  
39      100  2236.410111     4586.424311  3.291106e+07  
40      200  2298.423818     4713.601868  3.292452e+07  
41      500  2295.743440     4708.104956  3.291583e+07  
42     1000  2249.828571     4613.942857  3.287299e+07  
43     2000  2205.714286     4523.473389  3.281085e+07  
44        1   186.871707      383.236034  1.763970e+07  
45        2   344.175882      705.835045  2.557338e+07  
46        5  1038.017400     2128.763512  3.165018e+07  
47       10  1611.954964     3305.793245  3.252850e+07  
48       20  1972.545090     4045.290581  3.279110e+07  
49       40  2201.397819     4514.621191  3.289270e+07  
50      100  2257.568807     4629.816514  3.291591e+07  
51      200  2269.279539     4653.832853  3.291227e+07  
52      500  2274.523397     4664.586944  3.291037e+07  
53     1000  2309.208211     4735.718475  3.292428e+07  
54     2000  2275.180584     4665.934701  3.288877e+07  
____________________________________________________________________________

