dief@t until the time unit when the slowest approach finalizes its execution
NOTE! - Now it is among all the possible included variations! (not only among the ones with the same # filters or # cores)
            test   approach  tfft  totaltime  mrt  checks  alerts  cores  \
0    120-0.02-1c      1c-0f    82     895.74   13  158750    3078      1   
1    120-0.02-1c      1c-1f   113     863.72   26  158750    3078      1   
2    120-0.02-1c      1c-2f   113     466.87   14  158750    3078      1   
3    120-0.02-1c      1c-5f    95     163.92    6  158750    3078      1   
4    120-0.02-1c     1c-10f   107     114.58    5  158750    3078      1   
5    120-0.02-1c     1c-20f    74      86.41   11  158750    3078      1   
6    120-0.02-1c     1c-40f    69      78.40   25  158750    3078      1   
7    120-0.02-1c    1c-100f   101      77.22   37  158750    3078      1   
8    120-0.02-1c    1c-200f   179      75.56   36  158750    3078      1   
9    120-0.02-1c    1c-500f   251      79.32   38  158750    3078      1   
10   120-0.02-1c   1c-1000f   210      85.21   42  158750    3078      1   
11   120-0.02-1c   1c-2000f   236     100.24   51  158750    3078      1   
12   120-0.02-2c      2c-0f    82     895.74   13  158750    3078      2   
13   120-0.02-2c      2c-1f    28     851.93   26  158750    3078      2   
14   120-0.02-2c      2c-2f    20     463.72   14  158750    3078      2   
15   120-0.02-2c      2c-5f    28     169.58    6  158750    3078      2   
16   120-0.02-2c     2c-10f    23     104.40    6  158750    3078      2   
17   120-0.02-2c     2c-20f    45      82.62   12  158750    3078      2   
18   120-0.02-2c     2c-40f    36      76.04   24  158750    3078      2   
19   120-0.02-2c    2c-100f    32      72.78   34  158750    3078      2   
20   120-0.02-2c    2c-200f    65      72.75   35  158750    3078      2   
21   120-0.02-2c    2c-500f    27      75.02   36  158750    3078      2   
22   120-0.02-2c   2c-1000f    54      78.05   37  158750    3078      2   
23   120-0.02-2c   2c-2000f    68      88.56   43  158750    3078      2   
24   120-0.02-4c      4c-0f    82     895.74   13  158750    3078      4   
25   120-0.02-4c      4c-1f    13     846.76   26  158750    3078      4   
26   120-0.02-4c      4c-2f    57     483.21   14  158750    3078      4   
27   120-0.02-4c      4c-5f    12     170.41    6  158750    3078      4   
28   120-0.02-4c     4c-10f    10     104.57    6  158750    3078      4   
29   120-0.02-4c     4c-20f    12      82.05   12  158750    3078      4   
30   120-0.02-4c     4c-40f    21      74.35   24  158750    3078      4   
31   120-0.02-4c    4c-100f    16      70.93   33  158750    3078      4   
32   120-0.02-4c    4c-200f    21      69.39   33  158750    3078      4   
33   120-0.02-4c    4c-500f    11      73.05   35  158750    3078      4   
34   120-0.02-4c   4c-1000f    15      73.71   35  158750    3078      4   
35   120-0.02-4c   4c-2000f    18      77.30   38  158750    3078      4   
36   120-0.02-8c      8c-0f    82     895.74   13  158750    3078      8   
37   120-0.02-8c      8c-1f    11     881.64   27  158750    3078      8   
38   120-0.02-8c      8c-2f    11     486.03   14  158750    3078      8   
39   120-0.02-8c      8c-5f    30     172.79    6  158750    3078      8   
40   120-0.02-8c     8c-10f    11     105.03    6  158750    3078      8   
41   120-0.02-8c     8c-20f    11      82.23   12  158750    3078      8   
42   120-0.02-8c     8c-40f    12      73.43   23  158750    3078      8   
43   120-0.02-8c    8c-100f    14      70.71   33  158750    3078      8   
44   120-0.02-8c    8c-200f    13      69.76   33  158750    3078      8   
45   120-0.02-8c    8c-500f    11      69.76   33  158750    3078      8   
46   120-0.02-8c   8c-1000f    10      70.28   33  158750    3078      8   
47   120-0.02-8c   8c-2000f    15      71.93   34  158750    3078      8   
48  120-0.02-16c     16c-0f    82     895.74   13  158750    3078     16   
49  120-0.02-16c     16c-1f    30     772.38   23  158750    3078     16   
50  120-0.02-16c     16c-2f    15     399.10   12  158750    3078     16   
51  120-0.02-16c     16c-5f    12     146.21    5  158750    3078     16   
52  120-0.02-16c    16c-10f    11      98.92    6  158750    3078     16   
53  120-0.02-16c    16c-20f    13      80.69   12  158750    3078     16   
54  120-0.02-16c    16c-40f    11      73.01   24  158750    3078     16   
55  120-0.02-16c   16c-100f    13      69.47   33  158750    3078     16   
56  120-0.02-16c   16c-200f    10      70.03   34  158750    3078     16   
57  120-0.02-16c   16c-500f     7      69.85   34  158750    3078     16   
58  120-0.02-16c  16c-1000f     7      68.98   33  158750    3078     16   
59  120-0.02-16c  16c-2000f    11      68.98   33  158750    3078     16   

    filters   throughput  interactions/s         dieft  
0         0   177.227767      358.921116  7.061386e+07  
1         1   183.797990      372.227111  7.344714e+07  
2         2   340.030415      688.628526  1.056768e+08  
3         5   968.460224     1961.322596  1.303666e+08  
4        10  1385.494851     2805.899808  1.342439e+08  
5        20  1837.171624     3720.634186  1.358029e+08  
6        40  2024.872449     4100.765306  1.360994e+08  
7       100  2055.814556     4163.429163  1.358451e+08  
8       200  2100.979354     4254.896771  1.359095e+08  
9       500  2001.386788     4053.202219  1.352811e+08  
10     1000  1863.044244     3773.031334  1.342370e+08  
11     2000  1583.699122     3207.302474  1.319466e+08  
12        0   177.227767      358.921116  7.061386e+07  
13        1   186.341601      377.378423  7.444709e+07  
14        2   342.340205      693.306306  1.059953e+08  
15        5   936.136337     1895.860361  1.299592e+08  
16       10  1520.593870     3079.501916  1.347907e+08  
17       20  1921.447591     3891.309610  1.360454e+08  
18       40  2087.716991     4228.037875  1.363823e+08  
19      100  2181.231107     4417.422369  1.364053e+08  
20      200  2182.130584     4419.243986  1.362692e+08  
21      500  2116.102373     4285.523860  1.358370e+08  
22     1000  2033.952594     4119.154388  1.353661e+08  
23     2000  1792.570009     3630.307136  1.337897e+08  
24        0   177.227767      358.921116  7.061386e+07  
25        1   187.479333      379.682555  7.522571e+07  
26        2   328.532108      665.342191  1.044092e+08  
27        5   931.576785     1886.626372  1.300046e+08  
28       10  1518.121832     3074.495553  1.348583e+08  
29       20  1934.795856     3918.342474  1.361369e+08  
30       40  2135.171486     4324.142569  1.365235e+08  
31      100  2238.122092     4532.637812  1.366606e+08  
32      200  2287.793630     4633.232454  1.367316e+08  
33      500  2173.169062     4401.095140  1.362725e+08  
34     1000  2153.710487     4361.687695  1.360866e+08  
35     2000  2053.686934     4159.120310  1.354547e+08  
36        0   177.227767      358.921116  7.061386e+07  
37        1   180.062157      364.661313  7.207672e+07  
38        2   326.625928      661.481802  1.041716e+08  
39        5   918.745298     1860.640083  1.298201e+08  
40       10  1511.472913     3061.030182  1.348843e+08  
41       20  1930.560623     3909.765292  1.361289e+08  
42       40  2161.922920     4378.319488  1.366044e+08  
43      100  2245.085561     4546.740206  1.366654e+08  
44      200  2275.659404     4608.658257  1.367277e+08  
45      500  2275.659404     4608.658257  1.366867e+08  
46     1000  2258.821855     4574.558907  1.365868e+08  
47     2000  2207.006812     4469.623245  1.362890e+08  
48        0   177.227767      358.921116  7.061386e+07  
49        1   205.533546      416.245889  8.068566e+07  
50        2   397.769982      805.562516  1.111194e+08  
51        5  1085.767047     2198.892005  1.318433e+08  
52       10  1604.832188     3250.101092  1.351341e+08  
53       20  1967.406122     3984.384682  1.361799e+08  
54       40  2174.359677     4403.506369  1.366206e+08  
55      100  2285.159061     4627.896934  1.367534e+08  
56      200  2266.885620     4590.889619  1.366843e+08  
57      500  2272.727273     4602.720115  1.366909e+08  
58     1000  2301.391708     4660.771238  1.367438e+08  
59     2000  2301.391708     4660.771238  1.367080e+08  
____________________________________________________________________________

